2016/04/23 13:30:51,50
